rx rz
50.00 450.00
150.00 450.00
250.00 450.00
350.00 450.00
450.00 450.00
550.00 450.00
650.00 450.00
750.00 450.00
850.00 450.00
950.00 450.00
1050.00 450.00
1150.00 450.00
1250.00 450.00
1350.00 450.00
1450.00 450.00
1550.00 450.00
1650.00 450.00
1750.00 450.00
1850.00 450.00
1950.00 450.00
2050.00 450.00
2150.00 450.00
2250.00 450.00
2350.00 450.00
2450.00 450.00
2550.00 450.00
2650.00 450.00
2750.00 450.00
2850.00 450.00
2950.00 450.00
3050.00 450.00
3150.00 450.00
3250.00 450.00
3350.00 450.00
3450.00 450.00
3550.00 450.00
3650.00 450.00
3750.00 450.00
3850.00 450.00
3950.00 450.00
4050.00 450.00
4150.00 450.00
4250.00 450.00
4350.00 450.00
4450.00 450.00
4550.00 450.00
4650.00 450.00
4750.00 450.00
4850.00 450.00
4950.00 450.00
5050.00 450.00
5150.00 450.00
5250.00 450.00
5350.00 450.00
5450.00 450.00
5550.00 450.00
5650.00 450.00
5750.00 450.00
5850.00 450.00
5950.00 450.00
6050.00 450.00
6150.00 450.00
6250.00 450.00
6350.00 450.00
6450.00 450.00
6550.00 450.00
6650.00 450.00
6750.00 450.00
6850.00 450.00
6950.00 450.00
7050.00 450.00
7150.00 450.00
7250.00 450.00
7350.00 450.00
7450.00 450.00
7550.00 450.00
7650.00 450.00
7750.00 450.00
7850.00 450.00
7950.00 450.00
8050.00 450.00
8150.00 450.00
8250.00 450.00
8350.00 450.00
8450.00 450.00
8550.00 450.00
8650.00 450.00
8750.00 450.00
8850.00 450.00
8950.00 450.00
9050.00 450.00
9150.00 450.00
9250.00 450.00
9350.00 450.00
9450.00 450.00
9550.00 450.00
9650.00 450.00
9750.00 450.00
9850.00 450.00
9950.00 450.00
10050.00 450.00
10150.00 450.00
10250.00 450.00
10350.00 450.00
10450.00 450.00
10550.00 450.00
10650.00 450.00
10750.00 450.00
10850.00 450.00
10950.00 450.00
11050.00 450.00
11150.00 450.00
11250.00 450.00
11350.00 450.00
11450.00 450.00
11550.00 450.00
11650.00 450.00
11750.00 450.00
11850.00 450.00
11950.00 450.00
12050.00 450.00
12150.00 450.00
12250.00 450.00
12350.00 450.00
12450.00 450.00
12550.00 450.00
12650.00 450.00
12750.00 450.00
12850.00 450.00
12950.00 450.00
13050.00 450.00
13150.00 450.00
13250.00 450.00
13350.00 450.00
13450.00 450.00
13550.00 450.00
13650.00 450.00
13750.00 450.00
13850.00 450.00
13950.00 450.00
14050.00 450.00
14150.00 450.00
14250.00 450.00
14350.00 450.00
14450.00 450.00
14550.00 450.00
14650.00 450.00
14750.00 450.00
14850.00 450.00
14950.00 450.00
15050.00 450.00
15150.00 450.00
15250.00 450.00
15350.00 450.00
15450.00 450.00
15550.00 450.00
15650.00 450.00
15750.00 450.00
15850.00 450.00
15950.00 450.00
16050.00 450.00
16150.00 450.00
16250.00 450.00
16350.00 450.00
16450.00 450.00
16550.00 450.00
16650.00 450.00
16750.00 450.00
16850.00 450.00
16950.00 450.00
